7 8420
10 8332
14 8259
8 8414
17 8261
16 8368
4 8451
9 8260
18 8260
20 8452
15 8259
13 8353
6 8259
19 8338
5 8445
11 8341
12 8332
21 8316
22 8260
23 8414
24 8311
25 8260
27 8417
26 8260
31 8260
29 8261
28 8413
30 8414
32 8260
33 8331
37 8282
36 8281
35 8253
39 8281
34 8353
38 8280
40 8322
41 8280
42 8274
43 8274
45 8300
44 8304
47 8256
46 8253
48 8259
49 8248
50 8247
51 8245
52 8220
53 8249
54 8251
55 8250
57 8208
56 8208
58 8216
59 8219
60 8208
61 8208
62 8207
63 8207
64 8218
65 8195
66 8171
67 8176
69 8161
68 8169
