7 11603
10 11691
14 11550
8 11630
17 11551
16 11622
4 11744
9 11550
18 11551
20 11742
15 11551
13 11600
6 11550
19 11747
5 11727
11 11745
12 11596
21 11562
22 11550
23 11608
24 11551
25 11552
27 11608
26 11549
31 11552
29 11551
28 11605
30 11606
32 11550
33 11554
37 11618
36 11606
35 11602
39 11606
34 11552
38 11636
40 11603
41 11604
42 11650
43 11650
45 11556
44 11553
47 11553
46 11553
48 11555
49 11610
50 11604
51 11672
52 11553
53 11691
54 11709
55 11709
57 11554
56 11552
58 11630
59 11630
60 11552
61 11554
62 11595
63 11630
64 11631
65 11550
66 11604
67 11640
69 11641
68 11634
