7 11859
11 11816
6 11814
4 11568
10 11830
8 11857
9 11837
5 11850
13 11819
12 11808
14 11628
16 11549
15 11554
17 11619
18 11570
19 11605
20 11553
21 11554
22 11554
24 11542
23 11543
25 11551
26 11636
27 11599
28 11547
29 11554
31 11545
30 11542
32 11507
33 11521
34 11547
35 11661
36 11665
37 11560
38 11551
39 11440
42 11426
43 11426
41 11426
40 11426
44 11426
48 11736
54 11810
53 11805
55 11869
56 11120
57 10959
58 10828
59 10962
60 9879
61 10311
62 10375
63 10533
33 11521
34 11547
32 11507
18 11570
4 11549
37 11543
23 11553
15 11554
29 11540
25 11551
16 11555
38 11548
24 11557
30 11556
31 11551
39 11440
27 11599
26 11635
21 11554
22 11554
20 11553
17 11619
19 11605
