7 8248
11 8231
6 8258
4 8018
10 8248
8 8248
9 8235
5 8255
13 8433
12 8439
14 8422
16 8007
15 8003
17 8278
18 8015
19 8355
20 8230
21 8222
22 8222
24 7984
23 8019
25 8004
26 8196
27 8192
28 8004
29 8003
31 7984
30 7984
32 8086
33 8093
34 8089
35 8086
36 8079
37 8019
38 7990
39 7996
42 8027
43 8027
41 8027
40 8027
44 8077
48 8143
54 8217
53 8211
55 8226
56 9578
57 10184
58 10034
59 9987
60 10622
61 10590
62 10597
63 10615
33 8093
34 8089
32 8086
18 8015
4 8018
37 8019
23 8019
15 8003
29 8017
25 8004
16 8008
38 7999
24 8007
30 8004
31 8008
39 7996
27 8192
26 8197
21 8222
22 8222
20 8230
17 8278
19 8355
