14 8017
12 8185
5 8228
10 8247
13 8002
4 8017
6 8226
11 8193
8 8185
7 8230
9 8222
15 8129
17 8015
16 8000
22 7996
20 8201
19 8310
18 8331
23 8335
24 8343
25 8327
27 8344
26 8335
28 8330
29 8375
32 8093
30 8200
31 8019
33 8107
34 8019
40 8016
37 8074
36 8200
43 8071
35 8016
41 8009
38 8019
42 8088
46 8073
45 8077
44 8075
47 8072
49 8096
50 8087
51 8099
52 8075
53 8058
54 8004
55 8056
56 8007
57 8006
58 7996
59 7991
60 8083
61 7998
62 8007
63 8044
64 8019
65 8003
66 7995
67 8017
68 8003
70 8013
69 8016
71 8017
72 8143
73 8005
7 8230
6 8226
5 8228
9 8015
20 8016
30 8002
36 8004
11 8193
12 8185
8 8185
15 8129
19 8310
32 8093
43 8071
37 8074
53 8058
70 8002
17 8018
35 8019
31 8019
40 8001
14 8018
67 8018
38 8016
34 8017
64 8017
69 8019
71 8018
4 8018
13 8005
16 8009
65 8003
68 8003
73 8007
57 8007
62 8004
56 8001
41 8002
54 8004
66 7995
22 7996
61 7999
52 8075
