14 11553
12 11676
5 11678
10 11692
13 11562
4 11539
6 11680
11 11676
8 11552
7 11635
9 11554
15 11679
17 11565
16 11558
22 11550
20 11601
19 11547
18 11614
23 11615
24 11620
25 11708
27 11708
26 11709
28 11623
29 11557
32 11521
30 11599
31 11564
33 11435
34 11557
40 11552
37 11659
36 11599
43 11645
35 11562
41 11545
38 11551
42 11672
46 11641
45 11639
44 11572
47 11650
49 11498
50 11496
51 11487
52 11457
53 11669
54 11513
55 11681
56 11541
57 11550
58 11546
59 11449
60 11435
61 11554
62 11556
63 11327
64 11559
65 11552
66 11552
67 11558
68 11552
70 11567
69 11548
71 11545
72 11736
73 11550
7 11635
6 11680
5 11678
9 11564
20 11550
30 11553
36 11558
11 11676
12 11676
8 11552
15 11679
19 11547
32 11521
43 11645
37 11659
53 11669
70 11556
17 11544
35 11559
31 11550
40 11563
14 11554
67 11546
38 11549
34 11540
64 11558
69 11540
71 11544
4 11540
13 11553
16 11550
65 11552
68 11552
73 11554
57 11555
62 11561
56 11543
41 11556
54 11513
66 11552
22 11549
61 11546
52 11457
