8 11675
10 11556
25 11671
13 11558
28 11628
30 11560
27 11622
23 11603
6 11606
7 11551
22 11550
4 11555
26 11679
5 11597
15 11542
16 11675
24 11673
9 11561
14 11541
17 11669
19 11602
20 11600
18 11564
11 11635
21 11676
29 11554
12 11449
31 11506
33 11717
32 11712
34 11736
35 11619
36 11662
37 11552
38 11667
39 11592
40 11542
41 11668
42 11521
43 11451
44 11552
45 11450
46 11513
47 11406
49 11469
48 11489
50 11550
51 11545
52 11555
53 11449
54 11430
55 11449
56 11421
57 11541
59 11416
58 11416
60 11401
63 11401
65 11405
61 11401
64 11405
62 11401
67 11313
68 11547
69 11544
70 11472
71 11450
72 11563
74 11552
73 11559
75 11278
48 11489
46 11513
42 11521
71 11548
43 11552
45 11544
55 11545
12 11559
70 11557
56 11421
47 11406
54 11430
49 11558
40 11526
14 11547
68 11552
57 11541
15 11558
69 11555
51 11545
73 11544
37 11542
44 11556
74 11552
50 11556
29 11541
52 11555
53 11449
18 11552
39 11592
13 11558
72 11563
35 11619
