8 1
10 1
25 1
13 0
28 0
30 1
27 1
23 0
6 0
7 0
22 0
4 0
26 1
5 0
15 0
16 0
24 1
9 0
14 0
17 0
19 0
20 0
18 0
11 0
21 0
29 0
12 0
31 0
33 0
32 0
34 1
35 0
36 1
37 0
38 0
39 0
40 1
41 1
42 0
43 0
44 0
45 0
46 0
47 0
49 0
48 0
50 0
51 0
52 0
53 0
54 1
55 0
56 1
57 0
59 1
58 0
60 0
63 0
65 0
61 0
64 0
62 0
67 0
68 0
69 0
70 0
71 0
72 0
74 0
73 0
75 0
48 0
46 0
42 0
71 0
43 0
45 0
55 0
12 0
70 0
56 1
47 0
54 1
49 0
40 0
14 0
68 0
57 0
15 0
69 0
51 0
73 0
37 0
44 0
74 0
50 0
29 0
52 0
53 0
18 0
39 0
13 0
72 0
35 0
