8 8201
10 8235
25 8176
13 7934
28 8127
30 8195
27 8125
23 8218
6 8281
7 8305
22 8000
4 8292
26 8129
5 8250
15 8001
16 8234
24 8205
9 8237
14 8016
17 8252
19 8216
20 8218
18 8012
11 8230
21 8183
29 8006
12 8095
31 8130
33 8245
32 8251
34 8143
35 8086
36 8060
37 8004
38 8079
39 8084
40 8085
41 8067
42 8093
43 8093
44 8004
45 8095
46 8108
47 8070
49 8058
48 8143
50 8006
51 8006
52 8008
53 7991
54 8065
55 8092
56 8070
57 8019
59 8072
58 8072
60 8067
63 8067
65 8073
61 8067
64 8073
62 8067
67 8154
68 8018
69 8001
70 8076
71 8093
72 7934
74 8004
73 8001
75 8177
48 8143
46 8108
42 8093
71 8026
43 8006
45 8027
55 8027
12 8009
70 8017
56 8070
47 8070
54 8065
49 7934
40 8088
14 8019
68 8020
57 8019
15 8007
69 8008
51 8006
73 8009
37 8001
44 8002
74 8019
50 8002
29 8005
52 8008
53 7991
18 8005
39 8084
13 7934
72 7934
35 8086
