13 8346
20 8341
4 8004
15 8344
5 8003
10 8351
18 8335
6 8004
11 8350
22 8334
8 8351
9 8351
16 8367
7 8351
12 8344
14 8344
19 8341
21 8334
17 8001
23 8003
25 8003
24 8000
26 8002
27 8382
29 8004
28 8385
32 8124
33 8328
36 8219
34 8384
31 8003
30 8004
35 8303
37 8220
39 8275
40 8286
38 8289
41 8284
42 8008
43 8316
46 8228
47 8225
44 8219
45 8227
48 8210
49 8004
51 8005
54 8188
55 8198
56 8203
57 8202
61 8128
60 8132
58 8004
59 8134
62 8004
64 8127
63 8137
69 8086
67 8084
66 8093
65 8002
68 8092
70 8091
72 8084
71 8087
73 8095
74 8095
76 8086
75 8002
78 8065
77 8063
82 8192
81 8201
80 8171
79 8163
83 8134
84 8084
85 8071
86 8210
88 8002
87 8001
89 7991
90 8087
73 8093
74 8096
68 8091
66 8093
70 8086
71 8091
67 8083
69 8091
76 8095
72 8082
24 8006
17 7997
26 8004
65 8004
75 7998
5 8003
25 8000
31 8003
6 7999
29 8030
30 8004
49 8007
62 8001
51 8002
42 8036
23 8000
4 8001
58 8001
32 8125
