13 11725
20 11746
4 11539
15 11719
5 11540
10 11756
18 11740
6 11540
11 11744
22 11750
8 11756
9 11756
16 11624
7 11756
12 11728
14 11727
19 11746
21 11750
17 11541
23 11539
25 11540
24 11541
26 11540
27 11559
29 11540
28 11556
32 11593
33 11557
36 11636
34 11561
31 11549
30 11540
35 11554
37 11630
39 11625
40 11559
38 11665
41 11665
42 11541
43 11693
46 11673
47 11677
44 11640
45 11674
48 11594
49 11540
51 11541
54 11543
55 11599
56 11627
57 11641
61 11637
60 11637
58 11539
59 11620
62 11547
64 11624
63 11485
69 11531
67 11534
66 11521
65 11540
68 11541
70 11502
72 11526
71 11541
73 11611
74 11602
76 11525
75 11540
78 11643
77 11644
82 11673
81 11676
80 11673
79 11680
83 11680
84 11681
85 11681
86 11681
88 11485
87 11486
89 11449
90 11444
73 11596
74 11593
68 11561
66 11521
70 11505
71 11521
67 11523
69 11554
76 11537
72 11542
24 11543
17 11556
26 11552
65 11549
75 11556
5 11557
25 11549
31 11553
6 11543
29 11504
30 11541
49 11556
62 11555
51 11550
42 11566
23 11554
4 11545
58 11550
32 11590
