15 11555
18 11687
19 11687
20 11689
34 11631
27 11630
31 11611
11 11554
5 11629
7 11617
10 11622
9 11618
17 11687
25 11717
29 11637
35 11630
4 11613
26 11673
28 11640
32 11631
37 11676
12 11719
21 11688
30 11637
14 11709
16 11548
22 11554
36 11675
8 11621
13 11694
23 11668
33 11682
6 11615
24 11682
38 11594
40 11594
39 11725
41 11717
43 11560
42 11552
45 11604
44 11626
46 11557
50 11553
47 11546
48 11541
49 11552
51 11550
52 11549
55 11548
53 11547
54 11545
56 11548
57 11561
59 11553
60 11556
62 11644
61 11500
63 11644
64 11594
65 11610
66 11484
69 11641
68 11634
67 11622
71 11465
70 11465
73 11465
72 11465
74 11622
75 11521
76 11524
77 11523
78 11512
79 11498
84 11610
81 11556
80 11559
85 11596
82 11565
83 11544
86 11552
87 11550
88 11554
89 11664
91 11645
90 11647
92 11677
94 11664
95 11683
93 11684
97 11449
99 11411
101 11552
102 11551
103 11550
100 11550
98 11550
104 11371
106 11338
105 11542
108 11337
107 11553
109 11549
110 11549
111 11551
112 11266
84 11623
85 11596
87 11550
80 11559
103 11542
100 11548
98 11561
102 11541
111 11549
101 11560
107 11558
109 11553
110 11549
105 11547
47 11543
82 11554
22 11547
59 11561
81 11556
42 11550
88 11550
60 11543
49 11556
86 11561
15 11551
83 11549
48 11562
16 11549
56 11553
89 11664
94 11666
