15 8008
18 8252
19 8251
20 8246
34 8180
27 8221
31 8249
11 8330
5 8349
7 8336
10 8336
9 8336
17 8252
25 8239
29 8175
35 8169
4 8357
26 8206
28 8208
32 8180
37 8156
12 8341
21 8247
30 8219
14 8247
16 8004
22 8000
36 8163
8 8345
13 8280
23 8231
33 8207
6 8335
24 8214
38 8336
40 8348
39 8343
41 8341
43 8234
42 8005
45 8369
44 8358
46 8299
50 8186
47 8010
48 8003
49 8008
51 8370
52 8240
55 8359
53 8305
54 8206
56 8004
57 8339
59 8004
60 8007
62 8132
61 8138
63 8130
64 8124
65 8124
66 8128
69 8123
68 8124
67 8125
71 8127
70 8127
73 8127
72 8127
74 8127
75 8093
76 8099
77 8095
78 8094
79 8099
84 8082
81 8004
80 8048
85 8086
82 8008
83 8001
86 8008
87 8081
88 8007
89 8051
91 8054
90 8053
92 8056
94 8071
95 8069
93 8097
97 7991
99 8078
101 8021
102 8021
103 8021
100 8021
98 8021
104 8080
106 8069
105 8024
108 8067
107 8021
109 8021
110 8021
111 8021
112 8184
84 8085
85 8086
87 8081
80 8048
103 8001
100 8006
98 8000
102 8000
111 8010
101 8006
107 8007
109 8006
110 8010
105 7999
47 7998
82 8007
22 7999
59 8006
81 8006
42 8004
88 8005
60 8002
49 8006
86 8012
15 8005
83 8006
48 8008
16 8007
56 8002
89 8051
94 8079
